+10102
+2062
+3063
+21103
+2064
+3065
+21102
+2066
+3067
+21104
+2068
+3069
+21105
+2070
+3071
+21106
+2063
+3063
+21107
+2063
+3063
+21108
+2063
+3063
+21109
+2063
+3063
+21110
+2063
+3063
+21111
+2064
+3064
+21103
+2064
+3064
+21102
+2064
+3064
+21104
+2064
+3064
+21105
+2064
+3064
+21106
+2065
+3065
+21107
+2065
+3065
+21108
+2065
+3065
+21109
+2065
+3065
+21110
+2065
+3065
+21111
+4300
+0000
-1000
+0001
-0001
+0002
-0002
+0003
-0003
+0004
-0004
+0005
-0005
+0006
-0006
+0007
-0007
+0008
-0008
+0009
-0009
+0100
-0100
+0010
-0010
+0020
-0020
+0030
-0030
+0040
-0040
+0050
-0050
+0060
-0060
+0070
-0070
+0080
-0080
+0090
-0090
-7777
-7777
-7777
-7777
-7777
-7777
-7777
-7777
-7777
-7777
